3.8000E+00	2.0996E+03	2.3276E+05	6.3000E-09	4.4820E+01	5.7034E+02
4.4000E+00	2.5338E+03	2.8246E+05	5.5000E-09	4.8410E+01	7.2935E+02
4.3000E+00	1.5059E+03	2.0046E+05	7.1000E-09	4.2480E+01	5.2870E+02
3.6000E+00	3.8796E+03	1.8101E+05	5.6000E-09	5.2170E+01	8.8397E+02
3.7000E+00	3.0308E+03	2.7690E+05	5.4000E-09	4.9690E+01	7.9174E+02
4.2000E+00	1.7899E+03	2.9171E+05	6.4000E-09	4.4170E+01	5.5404E+02
3.4000E+00	1.7107E+03	1.2759E+05	5.9000E-09	3.8230E+01	3.9011E+02
3.3000E+00	2.7849E+03	1.0929E+05	6.7000E-09	4.4320E+01	5.5449E+02
4.5000E+00	2.6647E+03	2.3862E+05	5.3000E-09	4.6430E+01	6.2937E+02
4.1000E+00	2.3360E+03	2.2777E+05	7.2000E-09	5.0660E+01	8.4111E+02
3.1000E+00	1.6297E+03	2.7680E+05	6.7000E-09	4.1820E+01	5.2291E+02
4.2000E+00	2.4175E+03	2.3340E+05	5.7000E-09	4.5800E+01	6.0426E+02
3.2000E+00	3.6949E+03	1.6372E+05	5.9000E-09	4.9350E+01	7.7290E+02
4.1000E+00	1.6396E+03	2.3528E+05	6.8000E-09	4.3010E+01	5.3457E+02
4.5000E+00	1.8881E+03	1.1475E+05	7.6000E-09	4.4730E+01	5.6810E+02
4.3000E+00	2.0402E+03	1.3361E+05	6.9000E-09	4.4390E+01	5.5790E+02
4.3000E+00	3.1066E+03	1.2269E+05	5.8000E-09	4.4370E+01	5.5453E+02
4.1000E+00	1.8310E+03	2.8843E+05	6.2000E-09	4.4060E+01	5.5168E+02
3.3000E+00	2.5395E+03	1.9627E+05	6.9000E-09	4.7830E+01	7.0202E+02
4.8000E+00	2.2605E+03	2.4646E+05	5.9000E-09	4.7370E+01	6.7611E+02
3.5000E+00	2.9391E+03	2.0652E+05	5.2000E-09	4.3780E+01	5.4250E+02
3.8000E+00	2.5706E+03	1.3661E+05	7.1000E-09	4.8310E+01	7.2516E+02
4.9000E+00	2.5126E+03	1.1650E+05	5.9000E-09	4.3510E+01	5.3719E+02
3.3000E+00	1.6879E+03	1.4821E+05	6.3000E-09	3.9700E+01	4.7492E+02
4.7000E+00	3.3529E+03	1.0974E+05	5.5000E-09	4.3480E+01	5.3599E+02
3.6000E+00	3.0102E+03	1.6815E+05	5.0000E-09	4.1930E+01	5.1755E+02
3.4000E+00	2.2694E+03	2.9901E+05	6.1000E-09	4.5590E+01	5.9784E+02
5.0000E+00	1.7747E+03	2.2791E+05	6.8000E-09	4.5310E+01	5.8766E+02
4.2000E+00	3.5126E+03	2.5817E+05	5.3000E-09	5.4410E+01	9.6140E+02
3.3000E+00	1.7908E+03	2.6636E+05	6.1000E-09	4.2090E+01	5.2372E+02
3.2000E+00	2.8806E+03	2.0496E+05	7.4000E-09	5.3410E+01	9.4230E+02
4.3000E+00	1.9625E+03	2.1572E+05	7.2000E-09	4.6170E+01	6.2248E+02
4.2000E+00	3.2238E+03	2.3645E+05	5.7000E-09	5.4380E+01	9.6368E+02
3.5000E+00	1.9758E+03	2.8485E+05	7.3000E-09	4.5130E+01	5.8296E+02
3.6000E+00	2.7560E+03	2.1912E+05	7.3000E-09	5.4260E+01	9.7151E+02
4.0000E+00	3.0353E+03	1.0116E+05	7.2000E-09	5.1370E+01	8.5823E+02
3.9000E+00	1.9377E+03	1.4473E+05	5.2000E-09	3.8070E+01	3.7809E+02
4.6000E+00	2.3374E+03	2.0732E+05	6.5000E-09	4.9420E+01	7.8269E+02
3.6000E+00	1.9163E+03	2.5130E+05	6.1000E-09	4.3130E+01	5.3541E+02
3.8000E+00	3.6069E+03	1.5361E+05	5.4000E-09	4.5290E+01	5.8208E+02
3.0000E+00	3.3396E+03	1.4949E+05	5.5000E-09	4.2920E+01	5.2899E+02
4.6000E+00	2.4892E+03	2.3327E+05	6.4000E-09	5.1790E+01	8.8110E+02
3.5000E+00	1.9068E+03	1.1280E+05	7.8000E-09	4.3240E+01	5.3660E+02
3.1000E+00	1.6942E+03	2.9280E+05	6.0000E-09	4.1350E+01	5.1543E+02
3.1000E+00	3.7797E+03	1.0542E+05	6.5000E-09	4.7650E+01	6.8602E+02
5.0000E+00	1.9284E+03	1.6911E+05	5.7000E-09	4.2210E+01	5.2232E+02
3.1000E+00	3.8909E+03	1.9435E+05	5.3000E-09	4.6880E+01	6.4837E+02
4.4000E+00	3.1019E+03	1.2306E+05	5.4000E-09	4.2910E+01	5.2805E+02
4.5000E+00	2.3803E+03	1.0833E+05	6.0000E-09	4.2200E+01	5.2092E+02
3.1000E+00	2.9331E+03	2.4738E+05	5.9000E-09	4.7760E+01	6.9579E+02
3.1000E+00	2.2369E+03	2.4170E+05	7.6000E-09	4.6210E+01	6.2540E+02
4.0000E+00	2.0460E+03	2.6171E+05	7.2000E-09	4.6910E+01	6.5732E+02
3.7000E+00	3.3630E+03	1.0083E+05	7.3000E-09	5.3900E+01	9.4742E+02
3.4000E+00	2.8601E+03	1.4525E+05	5.3000E-09	4.1360E+01	5.1022E+02
4.2000E+00	1.8942E+03	1.8288E+05	6.3000E-09	4.3180E+01	5.3489E+02
4.8000E+00	2.3667E+03	1.9662E+05	6.8000E-09	5.1960E+01	8.8772E+02
3.4000E+00	1.5425E+03	2.3949E+05	7.6000E-09	4.2030E+01	5.2532E+02
4.7000E+00	2.3902E+03	1.5668E+05	7.9000E-09	5.4080E+01	9.6504E+02
4.3000E+00	2.9828E+03	1.1951E+05	6.5000E-09	4.8870E+01	7.4973E+02
3.0000E+00	1.6795E+03	2.8741E+05	6.3000E-09	4.1560E+01	5.1874E+02
4.4000E+00	2.1213E+03	2.3563E+05	7.9000E-09	4.9910E+01	8.1218E+02
3.0000E+00	2.8238E+03	2.5961E+05	5.1000E-09	4.3430E+01	5.3707E+02
3.8000E+00	3.6909E+03	2.9229E+05	5.1000E-09	5.3900E+01	9.4549E+02
4.1000E+00	1.9658E+03	2.2697E+05	5.4000E-09	4.2050E+01	5.2103E+02
4.1000E+00	2.1435E+03	1.5919E+05	7.5000E-09	4.6880E+01	6.5463E+02
4.8000E+00	2.2281E+03	2.1259E+05	5.2000E-09	4.2970E+01	5.3030E+02
3.8000E+00	1.5509E+03	1.4107E+05	5.7000E-09	3.7970E+01	3.7011E+02
4.6000E+00	1.8370E+03	1.9249E+05	7.7000E-09	4.5870E+01	6.1049E+02
3.4000E+00	1.9277E+03	2.0580E+05	5.1000E-09	3.9170E+01	4.4756E+02
3.7000E+00	2.5053E+03	1.2793E+05	7.5000E-09	4.8290E+01	7.2521E+02
4.2000E+00	2.2331E+03	1.7440E+05	7.9000E-09	4.9960E+01	8.1227E+02
4.0000E+00	1.6217E+03	1.5001E+05	7.2000E-09	4.2420E+01	5.2716E+02
3.3000E+00	2.5139E+03	1.8705E+05	5.9000E-09	4.3790E+01	5.4373E+02
4.0000E+00	2.5599E+03	2.2797E+05	5.0000E-09	4.2930E+01	5.2963E+02
4.0000E+00	3.2026E+03	1.8158E+05	6.2000E-09	5.3710E+01	9.4216E+02
3.7000E+00	2.2694E+03	2.3596E+05	6.8000E-09	4.7100E+01	6.6552E+02
4.0000E+00	2.2919E+03	2.0210E+05	5.6000E-09	4.3280E+01	5.3500E+02
4.6000E+00	1.5453E+03	2.8986E+05	5.1000E-09	4.0590E+01	5.0274E+02
3.1000E+00	1.5864E+03	1.2294E+05	5.5000E-09	3.6380E+01	2.1648E+02
3.6000E+00	2.5142E+03	1.0824E+05	7.9000E-09	4.8510E+01	7.3662E+02
3.6000E+00	1.7783E+03	1.1732E+05	5.2000E-09	3.6450E+01	2.2484E+02
3.2000E+00	2.7302E+03	1.1328E+05	5.3000E-09	3.8680E+01	4.1891E+02
4.7000E+00	2.5968E+03	2.4413E+05	6.2000E-09	5.3230E+01	9.3057E+02
3.3000E+00	2.7412E+03	1.9750E+05	5.2000E-09	4.2160E+01	5.2102E+02
4.4000E+00	3.8863E+03	1.4314E+05	5.9000E-09	5.4210E+01	9.5067E+02
3.5000E+00	2.7204E+03	2.4877E+05	6.2000E-09	4.9650E+01	7.9333E+02
3.9000E+00	3.2994E+03	1.9040E+05	5.4000E-09	4.6700E+01	6.4030E+02
3.8000E+00	2.2289E+03	2.8114E+05	5.5000E-09	4.4010E+01	5.4892E+02
3.3000E+00	1.6003E+03	2.3220E+05	6.2000E-09	4.0810E+01	5.0810E+02
3.7000E+00	1.9422E+03	2.1493E+05	7.2000E-09	4.4610E+01	5.6586E+02
3.5000E+00	3.5590E+03	1.3470E+05	6.7000E-09	5.3700E+01	9.4016E+02
3.8000E+00	2.0794E+03	2.9765E+05	5.1000E-09	4.2490E+01	5.2576E+02
3.2000E+00	1.8335E+03	2.0138E+05	7.5000E-09	4.3150E+01	5.3694E+02
3.2000E+00	2.6023E+03	1.2492E+05	5.9000E-09	4.1510E+01	5.1304E+02
3.4000E+00	2.3683E+03	2.8334E+05	5.6000E-09	4.4450E+01	5.5951E+02
4.5000E+00	2.3066E+03	2.5496E+05	7.6000E-09	5.3200E+01	9.3799E+02
3.1000E+00	3.2561E+03	1.9460E+05	5.6000E-09	4.5990E+01	6.1046E+02
4.3000E+00	2.3691E+03	1.3001E+05	5.8000E-09	4.2050E+01	5.1925E+02
4.1000E+00	2.6139E+03	1.5592E+05	7.4000E-09	5.3130E+01	9.2986E+02
3.6000E+00	2.5692E+03	1.9033E+05	7.9000E-09	5.2110E+01	8.9788E+02
3.3000E+00	2.6960E+03	1.3788E+05	7.2000E-09	4.7450E+01	6.8055E+02
3.6000E+00	1.7756E+03	2.0694E+05	6.3000E-09	4.2040E+01	5.2278E+02
3.4000E+00	2.6918E+03	1.5097E+05	6.1000E-09	4.4160E+01	5.5096E+02
3.4000E+00	2.3289E+03	2.2312E+05	7.0000E-09	4.7120E+01	6.6677E+02
4.6000E+00	2.5115E+03	2.9182E+05	5.5000E-09	4.8900E+01	7.5471E+02
3.3000E+00	2.1005E+03	2.5279E+05	7.4000E-09	4.5540E+01	5.9716E+02
3.8000E+00	1.5335E+03	1.7914E+05	7.3000E-09	4.1990E+01	5.2394E+02
4.3000E+00	1.5378E+03	2.5475E+05	5.3000E-09	3.9970E+01	4.8580E+02
3.2000E+00	2.1954E+03	2.4748E+05	5.9000E-09	4.3310E+01	5.3689E+02
4.9000E+00	2.6350E+03	1.8044E+05	5.3000E-09	4.4210E+01	5.5097E+02
3.1000E+00	1.7601E+03	2.0784E+05	6.8000E-09	4.2000E+01	5.2341E+02
3.8000E+00	1.6195E+03	2.3891E+05	5.7000E-09	4.0670E+01	5.0497E+02
4.8000E+00	1.8390E+03	1.7178E+05	5.9000E-09	4.2310E+01	5.2368E+02
4.6000E+00	1.8864E+03	2.8316E+05	7.7000E-09	4.7360E+01	6.8031E+02
4.1000E+00	2.3098E+03	1.5612E+05	5.3000E-09	4.0670E+01	5.0145E+02
4.3000E+00	1.8331E+03	1.2504E+05	7.4000E-09	4.3900E+01	5.4762E+02
4.1000E+00	2.0534E+03	1.8217E+05	7.3000E-09	4.6130E+01	6.2009E+02
4.4000E+00	2.1089E+03	1.5961E+05	7.3000E-09	4.6990E+01	6.5942E+02
4.3000E+00	3.3692E+03	1.6721E+05	5.3000E-09	4.6110E+01	6.1370E+02
4.4000E+00	1.5227E+03	2.8628E+05	5.9000E-09	4.2090E+01	5.2379E+02
4.0000E+00	3.3489E+03	2.2146E+05	5.5000E-09	5.1230E+01	8.5123E+02
3.4000E+00	1.7046E+03	1.8848E+05	7.6000E-09	4.2800E+01	5.3226E+02
4.4000E+00	1.9334E+03	2.1077E+05	6.9000E-09	4.5580E+01	5.9757E+02
4.6000E+00	2.4935E+03	2.9874E+05	6.7000E-09	5.4880E+01	9.9224E+02
5.0000E+00	2.4230E+03	2.7975E+05	6.5000E-09	5.4590E+01	9.8073E+02
4.4000E+00	2.7015E+03	1.1901E+05	6.9000E-09	4.9930E+01	8.0223E+02
4.6000E+00	1.7034E+03	2.9527E+05	5.2000E-09	4.1770E+01	5.1887E+02
3.3000E+00	2.6276E+03	2.8427E+05	7.8000E-09	5.2440E+01	9.1209E+02
4.6000E+00	2.1503E+03	1.6899E+05	7.6000E-09	4.9350E+01	7.8234E+02
3.1000E+00	2.2066E+03	2.4723E+05	8.0000E-09	4.6130E+01	6.2166E+02
4.2000E+00	2.6135E+03	2.3448E+05	5.2000E-09	4.4810E+01	5.6774E+02
3.2000E+00	3.3048E+03	2.5988E+05	5.5000E-09	4.9560E+01	7.8527E+02
3.3000E+00	2.5467E+03	2.2172E+05	7.4000E-09	5.0070E+01	8.1666E+02
4.5000E+00	3.5597E+03	1.7183E+05	5.0000E-09	4.5250E+01	5.8036E+02
3.3000E+00	1.8238E+03	2.3003E+05	5.3000E-09	3.9700E+01	4.7430E+02
4.1000E+00	3.6959E+03	1.6971E+05	5.8000E-09	5.3610E+01	9.3331E+02
4.2000E+00	2.5814E+03	1.1705E+05	5.9000E-09	4.2530E+01	5.2386E+02
4.4000E+00	1.6953E+03	1.7354E+05	7.7000E-09	4.4270E+01	5.5690E+02
4.7000E+00	1.5823E+03	1.3421E+05	5.2000E-09	3.7160E+01	2.9659E+02
4.9000E+00	3.0900E+03	1.3665E+05	6.5000E-09	5.4680E+01	9.7032E+02
4.8000E+00	3.6664E+03	1.3649E+05	5.6000E-09	4.9000E+01	7.5276E+02
3.2000E+00	2.4237E+03	1.1501E+05	5.5000E-09	3.8800E+01	4.2656E+02
4.5000E+00	1.8384E+03	2.8408E+05	7.5000E-09	4.6290E+01	6.2923E+02
4.2000E+00	1.7777E+03	2.1552E+05	7.5000E-09	4.4650E+01	5.6707E+02
3.7000E+00	3.5889E+03	1.9872E+05	5.5000E-09	4.9970E+01	8.0040E+02
3.9000E+00	1.7008E+03	1.1550E+05	7.3000E-09	4.2050E+01	5.2249E+02
4.1000E+00	1.6088E+03	1.2644E+05	5.3000E-09	3.6910E+01	2.7304E+02
4.9000E+00	2.0764E+03	1.3370E+05	7.6000E-09	4.8260E+01	7.2453E+02
3.1000E+00	3.3379E+03	1.4063E+05	6.3000E-09	4.7150E+01	6.6228E+02
4.9000E+00	3.0538E+03	1.0971E+05	5.6000E-09	4.3390E+01	5.3444E+02
4.5000E+00	2.5245E+03	1.8850E+05	6.2000E-09	4.8520E+01	7.3455E+02
3.3000E+00	2.8236E+03	1.0032E+05	5.7000E-09	3.9760E+01	4.7462E+02
4.0000E+00	3.3918E+03	1.6013E+05	5.5000E-09	4.6520E+01	6.3169E+02
3.2000E+00	1.7780E+03	1.2151E+05	7.1000E-09	4.1170E+01	5.1157E+02
3.2000E+00	2.5144E+03	2.6143E+05	5.5000E-09	4.3930E+01	5.4691E+02
3.7000E+00	2.8728E+03	2.7667E+05	5.4000E-09	4.7710E+01	6.9209E+02
4.5000E+00	2.1915E+03	2.6308E+05	5.9000E-09	4.6730E+01	6.4564E+02
3.2000E+00	2.9585E+03	1.4414E+05	7.9000E-09	5.3350E+01	9.3864E+02
3.8000E+00	2.6367E+03	1.7698E+05	6.1000E-09	4.6310E+01	6.2493E+02
3.2000E+00	2.5624E+03	1.2457E+05	7.9000E-09	4.7770E+01	6.9856E+02
4.3000E+00	2.9992E+03	1.6907E+05	6.0000E-09	4.9930E+01	8.0042E+02
3.0000E+00	3.1159E+03	2.8945E+05	5.8000E-09	5.0370E+01	8.2392E+02
3.6000E+00	2.4258E+03	2.2241E+05	5.8000E-09	4.4660E+01	5.6473E+02
4.8000E+00	2.0947E+03	1.4235E+05	5.3000E-09	3.9880E+01	4.7964E+02
3.6000E+00	1.6914E+03	2.9610E+05	5.3000E-09	4.0600E+01	5.0364E+02
4.6000E+00	2.4182E+03	2.0444E+05	5.3000E-09	4.3900E+01	5.4528E+02
3.1000E+00	1.8627E+03	2.0515E+05	7.2000E-09	4.3010E+01	5.3482E+02
4.5000E+00	1.5412E+03	2.0373E+05	7.6000E-09	4.3370E+01	5.4019E+02
3.4000E+00	3.1819E+03	1.3196E+05	7.2000E-09	5.3540E+01	9.3943E+02
4.0000E+00	2.1582E+03	1.7731E+05	7.3000E-09	4.6970E+01	6.5913E+02
4.9000E+00	2.1192E+03	2.8599E+05	5.3000E-09	4.4880E+01	5.7112E+02
4.5000E+00	2.6308E+03	2.8672E+05	5.9000E-09	5.3220E+01	9.3088E+02
4.7000E+00	2.1006E+03	2.5239E+05	6.6000E-09	4.8680E+01	7.4791E+02
4.2000E+00	2.3281E+03	1.1404E+05	5.8000E-09	4.1160E+01	5.0778E+02
4.6000E+00	2.2498E+03	1.4893E+05	5.9000E-09	4.3290E+01	5.3483E+02
3.5000E+00	3.5816E+03	1.7456E+05	5.4000E-09	4.6310E+01	6.2316E+02
3.4000E+00	1.9885E+03	1.3985E+05	6.8000E-09	4.2650E+01	5.2831E+02
4.8000E+00	2.3591E+03	1.3765E+05	6.1000E-09	4.4360E+01	5.5518E+02
4.7000E+00	1.8585E+03	1.8197E+05	5.2000E-09	4.0090E+01	4.8735E+02
3.5000E+00	2.9628E+03	1.9482E+05	5.5000E-09	4.4780E+01	5.6668E+02
4.0000E+00	1.6796E+03	2.1923E+05	5.2000E-09	3.9480E+01	4.6440E+02
4.6000E+00	1.7531E+03	1.1286E+05	7.0000E-09	4.2700E+01	5.2873E+02
3.3000E+00	2.0378E+03	1.7124E+05	5.6000E-09	4.0110E+01	4.8887E+02
4.6000E+00	1.9909E+03	2.0045E+05	6.9000E-09	4.6550E+01	6.3865E+02
3.1000E+00	2.3270E+03	1.7087E+05	7.5000E-09	4.5660E+01	6.0085E+02
4.5000E+00	3.7343E+03	2.2799E+05	5.2000E-09	5.4340E+01	9.5603E+02
4.8000E+00	2.4423E+03	1.6654E+05	5.9000E-09	4.5280E+01	5.8338E+02
3.3000E+00	3.5815E+03	2.3862E+05	5.1000E-09	4.6730E+01	6.4223E+02
3.5000E+00	1.5138E+03	1.0540E+05	6.7000E-09	3.8690E+01	4.2168E+02
4.1000E+00	2.7151E+03	1.3751E+05	7.1000E-09	5.1190E+01	8.5559E+02
3.6000E+00	1.8841E+03	2.5430E+05	7.9000E-09	4.4730E+01	5.6957E+02
3.6000E+00	3.0316E+03	2.4335E+05	5.8000E-09	5.0730E+01	8.3632E+02
4.5000E+00	2.1410E+03	1.7403E+05	5.1000E-09	4.0500E+01	4.9779E+02
3.4000E+00	1.8152E+03	2.1858E+05	6.4000E-09	4.2480E+01	5.2760E+02
4.3000E+00	2.4980E+03	1.1750E+05	7.4000E-09	4.9790E+01	7.9828E+02
3.2000E+00	1.8589E+03	2.3572E+05	8.0000E-09	4.3770E+01	5.4729E+02
3.6000E+00	3.1659E+03	2.4162E+05	5.9000E-09	5.3330E+01	9.3162E+02
4.1000E+00	1.8057E+03	2.0547E+05	6.2000E-09	4.2750E+01	5.2978E+02
3.8000E+00	2.5357E+03	2.6961E+05	7.9000E-09	5.3890E+01	9.6313E+02
3.3000E+00	3.6414E+03	1.0377E+05	6.8000E-09	5.0540E+01	8.2457E+02
4.4000E+00	1.6780E+03	2.2965E+05	5.5000E-09	4.1100E+01	5.0966E+02
3.2000E+00	1.9192E+03	2.0729E+05	6.6000E-09	4.2790E+01	5.3110E+02
4.8000E+00	2.1113E+03	2.1378E+05	5.7000E-09	4.4370E+01	5.5652E+02
4.9000E+00	3.3438E+03	1.9509E+05	5.4000E-09	5.2040E+01	8.7910E+02
4.5000E+00	1.8693E+03	2.5429E+05	7.0000E-09	4.5850E+01	6.0923E+02
3.7000E+00	2.5106E+03	1.0658E+05	5.5000E-09	3.9220E+01	4.4926E+02
4.4000E+00	3.0484E+03	1.9551E+05	5.4000E-09	4.6860E+01	6.4784E+02
3.1000E+00	2.6042E+03	2.4904E+05	6.8000E-09	4.8450E+01	7.3526E+02
4.4000E+00	3.3896E+03	1.0231E+05	6.6000E-09	5.1370E+01	8.5455E+02
4.5000E+00	2.6770E+03	2.2286E+05	6.1000E-09	5.1660E+01	8.7264E+02
3.7000E+00	2.1888E+03	1.4116E+05	7.7000E-09	4.6260E+01	6.2566E+02
4.8000E+00	2.3213E+03	2.5849E+05	5.8000E-09	4.8090E+01	7.1312E+02
4.9000E+00	2.2927E+03	1.1113E+05	7.4000E-09	4.8910E+01	7.5636E+02
4.7000E+00	2.3583E+03	2.7930E+05	5.1000E-09	4.4580E+01	5.6169E+02
4.1000E+00	2.6124E+03	2.5254E+05	6.5000E-09	5.2680E+01	9.1400E+02
3.3000E+00	2.0080E+03	2.8878E+05	5.7000E-09	4.2750E+01	5.3022E+02
3.6000E+00	2.7643E+03	1.2500E+05	7.4000E-09	5.0140E+01	8.1429E+02
3.4000E+00	2.6514E+03	1.2935E+05	6.8000E-09	4.5890E+01	6.0786E+02
4.0000E+00	1.7147E+03	1.7311E+05	7.7000E-09	4.3750E+01	5.4635E+02
3.6000E+00	1.5517E+03	2.1701E+05	7.3000E-09	4.2070E+01	5.2517E+02
3.7000E+00	3.7956E+03	1.1706E+05	5.2000E-09	4.1980E+01	5.1721E+02
4.8000E+00	2.5387E+03	2.8831E+05	5.5000E-09	5.0220E+01	8.1600E+02
4.3000E+00	2.5051E+03	2.1637E+05	6.7000E-09	5.1830E+01	8.8326E+02
3.1000E+00	2.9456E+03	1.9178E+05	7.9000E-09	5.3930E+01	9.6122E+02
3.2000E+00	3.1973E+03	1.9403E+05	6.0000E-09	4.8750E+01	7.4634E+02
3.4000E+00	3.3274E+03	1.4136E+05	5.2000E-09	4.1900E+01	5.1703E+02
4.4000E+00	1.7250E+03	2.0790E+05	5.9000E-09	4.2180E+01	5.2341E+02
3.4000E+00	2.0346E+03	2.0673E+05	5.3000E-09	4.0200E+01	4.9178E+02
4.0000E+00	2.5941E+03	1.8011E+05	6.4000E-09	4.7910E+01	7.0315E+02
3.2000E+00	2.8385E+03	2.0761E+05	6.0000E-09	4.6120E+01	6.1709E+02
4.3000E+00	1.8127E+03	1.2982E+05	5.3000E-09	3.7560E+01	3.3396E+02
3.4000E+00	1.5609E+03	2.2986E+05	7.7000E-09	4.2190E+01	5.2684E+02
4.9000E+00	2.3752E+03	1.1677E+05	6.1000E-09	4.3450E+01	5.3669E+02
4.8000E+00	1.8453E+03	1.3902E+05	6.9000E-09	4.4070E+01	5.5073E+02
4.6000E+00	3.5483E+03	1.9655E+05	5.3000E-09	5.0930E+01	8.3754E+02
3.3000E+00	3.0991E+03	1.0450E+05	6.9000E-09	4.6820E+01	6.4675E+02
3.4000E+00	3.2158E+03	1.0210E+05	5.1000E-09	3.8490E+01	4.0728E+02
4.8000E+00	2.0314E+03	1.7903E+05	6.7000E-09	4.6280E+01	6.2535E+02
4.9000E+00	2.2113E+03	1.8600E+05	5.8000E-09	4.4820E+01	5.6858E+02
4.1000E+00	2.6821E+03	1.2001E+05	5.7000E-09	4.1950E+01	5.1746E+02
4.9000E+00	2.0764E+03	1.0871E+05	6.4000E-09	4.2810E+01	5.2785E+02
4.2000E+00	2.4694E+03	2.7593E+05	5.6000E-09	4.7420E+01	6.7878E+02
4.7000E+00	3.4686E+03	1.4940E+05	5.7000E-09	5.1110E+01	8.4417E+02
3.4000E+00	2.3649E+03	1.4964E+05	7.2000E-09	4.5960E+01	6.1205E+02
3.0000E+00	2.6343E+03	2.3851E+05	6.6000E-09	4.7460E+01	6.8277E+02
4.7000E+00	3.3943E+03	1.7895E+05	5.2000E-09	4.6860E+01	6.4657E+02
4.3000E+00	2.0852E+03	1.2569E+05	7.4000E-09	4.5560E+01	5.9583E+02
4.0000E+00	2.1725E+03	2.6131E+05	7.0000E-09	4.8050E+01	7.1553E+02
3.4000E+00	2.5653E+03	2.4615E+05	6.8000E-09	4.9770E+01	8.0152E+02
3.8000E+00	3.5917E+03	1.4309E+05	5.3000E-09	4.4240E+01	5.5123E+02
3.9000E+00	3.2972E+03	2.5796E+05	5.3000E-09	5.1350E+01	8.5717E+02
4.6000E+00	2.5716E+03	2.4528E+05	5.5000E-09	4.7090E+01	6.6038E+02
4.8000E+00	1.9440E+03	1.3964E+05	7.2000E-09	4.5680E+01	6.0060E+02
4.9000E+00	2.2859E+03	1.4726E+05	7.5000E-09	5.1640E+01	8.7716E+02
4.0000E+00	2.2818E+03	1.3254E+05	7.6000E-09	4.7560E+01	6.8763E+02
3.5000E+00	1.9971E+03	2.7699E+05	5.3000E-09	4.1800E+01	5.1934E+02
4.5000E+00	1.8591E+03	2.7822E+05	7.0000E-09	4.5930E+01	6.1281E+02
3.4000E+00	2.0818E+03	2.4918E+05	7.5000E-09	4.5740E+01	6.0548E+02
3.1000E+00	3.2098E+03	1.3330E+05	7.7000E-09	5.3900E+01	9.5478E+02
3.5000E+00	1.8890E+03	2.0442E+05	6.0000E-09	4.1970E+01	5.2117E+02
3.3000E+00	2.2005E+03	2.3483E+05	6.2000E-09	4.4240E+01	5.5515E+02
3.3000E+00	2.0368E+03	1.9451E+05	6.5000E-09	4.3200E+01	5.3596E+02
4.2000E+00	3.2251E+03	1.2745E+05	5.8000E-09	4.5490E+01	5.8972E+02
3.1000E+00	2.0556E+03	2.5908E+05	6.0000E-09	4.2990E+01	5.3312E+02
4.3000E+00	2.7388E+03	1.3770E+05	5.6000E-09	4.3210E+01	5.3268E+02
3.9000E+00	1.8317E+03	2.8150E+05	6.4000E-09	4.3930E+01	5.4913E+02
4.6000E+00	1.8137E+03	2.0514E+05	6.1000E-09	4.3350E+01	5.3735E+02
3.0000E+00	2.2855E+03	2.8886E+05	5.4000E-09	4.2820E+01	5.3005E+02
3.7000E+00	1.7040E+03	2.3396E+05	5.7000E-09	4.0980E+01	5.0903E+02
4.6000E+00	2.2612E+03	2.1429E+05	5.3000E-09	4.3250E+01	5.3428E+02
4.9000E+00	1.9489E+03	2.1524E+05	6.9000E-09	4.7180E+01	6.6988E+02
4.1000E+00	2.6130E+03	1.5098E+05	5.9000E-09	4.4190E+01	5.5133E+02
3.1000E+00	3.4165E+03	2.4480E+05	6.2000E-09	5.4350E+01	9.6708E+02
4.6000E+00	2.7627E+03	2.2889E+05	6.1000E-09	5.3510E+01	9.3791E+02
3.7000E+00	1.5382E+03	1.1317E+05	6.8000E-09	3.9610E+01	4.7070E+02
3.8000E+00	2.5278E+03	2.9371E+05	5.5000E-09	4.6390E+01	6.2942E+02
3.6000E+00	2.5810E+03	1.5372E+05	7.6000E-09	5.0330E+01	8.2570E+02
4.5000E+00	1.8351E+03	1.4415E+05	7.0000E-09	4.3930E+01	5.4823E+02
3.8000E+00	2.0945E+03	1.4945E+05	6.4000E-09	4.2960E+01	5.3144E+02
3.9000E+00	2.2754E+03	2.2621E+05	5.7000E-09	4.4320E+01	5.5579E+02
3.9000E+00	2.6022E+03	1.3806E+05	7.0000E-09	4.8360E+01	7.2712E+02
3.5000E+00	2.1922E+03	2.2723E+05	5.5000E-09	4.2520E+01	5.2603E+02
3.4000E+00	3.5847E+03	1.7020E+05	6.1000E-09	5.2420E+01	8.9570E+02
4.0000E+00	3.2683E+03	1.1594E+05	5.6000E-09	4.3070E+01	5.3018E+02
4.9000E+00	3.0028E+03	2.0168E+05	5.6000E-09	5.0800E+01	8.3506E+02
4.4000E+00	1.8283E+03	2.5315E+05	8.0000E-09	4.5970E+01	6.1514E+02
3.1000E+00	3.3996E+03	1.7036E+05	5.6000E-09	4.5230E+01	5.8115E+02
3.8000E+00	2.6727E+03	1.9537E+05	7.4000E-09	5.3610E+01	9.4872E+02
4.8000E+00	3.8932E+03	1.5341E+05	5.5000E-09	5.2140E+01	8.7970E+02
3.3000E+00	2.3896E+03	2.9373E+05	6.2000E-09	4.6620E+01	6.4171E+02
3.8000E+00	3.1696E+03	1.5042E+05	6.2000E-09	4.8720E+01	7.4234E+02
3.1000E+00	1.7567E+03	2.4782E+05	5.9000E-09	4.1070E+01	5.1148E+02
3.1000E+00	1.7004E+03	1.2412E+05	6.3000E-09	3.8590E+01	4.1517E+02
3.2000E+00	3.2129E+03	1.5718E+05	6.5000E-09	4.9600E+01	7.8716E+02
3.7000E+00	2.6943E+03	1.8723E+05	6.9000E-09	5.0700E+01	8.3883E+02
3.3000E+00	2.4136E+03	2.9770E+05	5.9000E-09	4.5850E+01	6.0791E+02
3.9000E+00	1.9557E+03	2.9251E+05	7.6000E-09	4.6050E+01	6.1857E+02
3.0000E+00	2.2587E+03	2.0837E+05	6.1000E-09	4.3170E+01	5.3531E+02
4.9000E+00	1.7789E+03	2.0770E+05	7.3000E-09	4.5810E+01	6.0785E+02
4.9000E+00	2.6683E+03	1.0432E+05	5.7000E-09	4.1960E+01	5.1717E+02
3.3000E+00	2.8666E+03	1.3312E+05	5.7000E-09	4.2120E+01	5.1988E+02
3.5000E+00	1.9806E+03	2.1900E+05	7.1000E-09	4.4400E+01	5.5993E+02
3.1000E+00	3.0522E+03	1.9836E+05	6.7000E-09	5.1040E+01	8.5194E+02
4.7000E+00	2.0986E+03	2.6400E+05	5.5000E-09	4.4570E+01	5.6210E+02
4.8000E+00	2.2970E+03	1.3918E+05	7.1000E-09	4.9070E+01	7.6522E+02
4.6000E+00	2.6331E+03	1.1959E+05	6.9000E-09	4.9920E+01	8.0164E+02
4.6000E+00	2.4195E+03	2.2325E+05	7.1000E-09	5.3410E+01	9.4194E+02
4.0000E+00	2.5611E+03	1.0065E+05	7.5000E-09	4.8160E+01	7.1638E+02
3.5000E+00	2.9198E+03	1.0125E+05	7.5000E-09	4.9060E+01	7.6192E+02
3.8000E+00	1.7027E+03	1.6696E+05	5.6000E-09	3.8980E+01	4.3801E+02
3.4000E+00	3.1738E+03	2.0746E+05	5.3000E-09	4.4770E+01	5.6620E+02
4.3000E+00	2.8413E+03	2.6292E+05	5.5000E-09	5.0330E+01	8.1930E+02
3.7000E+00	2.7636E+03	2.9223E+05	5.0000E-09	4.4980E+01	5.7330E+02
3.1000E+00	3.3600E+03	1.6453E+05	5.8000E-09	4.5660E+01	5.9683E+02
4.7000E+00	1.5811E+03	2.5423E+05	5.1000E-09	4.0310E+01	4.9571E+02
4.8000E+00	1.5458E+03	2.5649E+05	5.5000E-09	4.1370E+01	5.1395E+02
4.1000E+00	1.8019E+03	1.2275E+05	5.8000E-09	3.9110E+01	4.4417E+02
3.6000E+00	2.3465E+03	1.8161E+05	6.2000E-09	4.4360E+01	5.5648E+02
4.7000E+00	3.5526E+03	1.1928E+05	5.9000E-09	4.9280E+01	7.6622E+02
3.4000E+00	2.8927E+03	1.5201E+05	5.7000E-09	4.3210E+01	5.3318E+02
4.3000E+00	2.5299E+03	2.7094E+05	5.6000E-09	4.7750E+01	6.9480E+02
3.7000E+00	1.6125E+03	2.9542E+05	6.4000E-09	4.2370E+01	5.2787E+02
3.8000E+00	2.1425E+03	1.4908E+05	6.3000E-09	4.3010E+01	5.3177E+02
4.9000E+00	3.2222E+03	2.0903E+05	5.4000E-09	5.1410E+01	8.5642E+02
3.5000E+00	2.7395E+03	1.4404E+05	7.7000E-09	5.1840E+01	8.8427E+02
3.5000E+00	2.7034E+03	2.4082E+05	6.4000E-09	5.0030E+01	8.1128E+02
3.1000E+00	2.6210E+03	2.5852E+05	7.6000E-09	5.0390E+01	8.3212E+02
4.3000E+00	1.6876E+03	2.4096E+05	5.7000E-09	4.1910E+01	5.2062E+02
3.8000E+00	1.7650E+03	1.5204E+05	5.8000E-09	3.9600E+01	4.6968E+02
4.3000E+00	2.6664E+03	1.7768E+05	7.1000E-09	5.4560E+01	9.7767E+02
3.1000E+00	2.2056E+03	1.9166E+05	5.6000E-09	4.1370E+01	5.1265E+02
4.7000E+00	2.5220E+03	2.0386E+05	6.1000E-09	4.9710E+01	7.9405E+02
3.7000E+00	2.6031E+03	1.8338E+05	7.6000E-09	5.2330E+01	9.0426E+02
3.5000E+00	3.5149E+03	1.3501E+05	5.0000E-09	4.1390E+01	5.1037E+02
3.9000E+00	1.9867E+03	2.7199E+05	6.4000E-09	4.4940E+01	5.7516E+02
3.4000E+00	2.1818E+03	2.8987E+05	6.6000E-09	4.5890E+01	6.1086E+02
3.2000E+00	1.5905E+03	2.5962E+05	6.0000E-09	4.0510E+01	5.0296E+02
3.2000E+00	1.9506E+03	1.8561E+05	6.7000E-09	4.2770E+01	5.3074E+02
3.3000E+00	2.2850E+03	2.0120E+05	6.6000E-09	4.4870E+01	5.7208E+02
3.4000E+00	2.5960E+03	1.3000E+05	7.4000E-09	4.7700E+01	6.9393E+02
3.7000E+00	3.3958E+03	1.9800E+05	5.3000E-09	4.6640E+01	6.3760E+02
3.6000E+00	2.3802E+03	2.8402E+05	5.4000E-09	4.4250E+01	5.5413E+02
4.2000E+00	2.3719E+03	1.7771E+05	7.3000E-09	5.0510E+01	8.3299E+02
4.6000E+00	3.4208E+03	1.8426E+05	5.7000E-09	5.3400E+01	9.2690E+02
5.0000E+00	3.1950E+03	1.7232E+05	5.9000E-09	5.3750E+01	9.3877E+02
4.7000E+00	2.2256E+03	2.3567E+05	7.2000E-09	5.1470E+01	8.7333E+02
3.2000E+00	1.8392E+03	2.7070E+05	5.6000E-09	4.1410E+01	5.1524E+02
3.4000E+00	2.5789E+03	2.5252E+05	5.3000E-09	4.3690E+01	5.4162E+02
4.1000E+00	1.6779E+03	1.2716E+05	7.7000E-09	4.3030E+01	5.3424E+02
3.4000E+00	3.1835E+03	2.0690E+05	5.4000E-09	4.5380E+01	5.8659E+02
4.5000E+00	3.5255E+03	1.3390E+05	5.4000E-09	4.4920E+01	5.6926E+02
3.4000E+00	1.8393E+03	1.0318E+05	6.8000E-09	4.0120E+01	4.8971E+02
4.1000E+00	1.6206E+03	2.6545E+05	7.8000E-09	4.3700E+01	5.4598E+02
3.7000E+00	1.5647E+03	2.4673E+05	6.2000E-09	4.1360E+01	5.1518E+02
4.2000E+00	2.9305E+03	2.8600E+05	5.8000E-09	5.4540E+01	9.7307E+02
3.9000E+00	3.0187E+03	2.2830E+05	6.3000E-09	5.4810E+01	9.8232E+02
4.3000E+00	3.8881E+03	1.6805E+05	5.5000E-09	5.2530E+01	8.9442E+02
4.8000E+00	1.8172E+03	2.3546E+05	5.5000E-09	4.2610E+01	5.2745E+02
3.8000E+00	3.2483E+03	1.8111E+05	5.3000E-09	4.4640E+01	5.6206E+02
3.6000E+00	1.7558E+03	1.5838E+05	7.6000E-09	4.3070E+01	5.3522E+02
3.0000E+00	3.1597E+03	1.4253E+05	7.6000E-09	5.3370E+01	9.3716E+02
4.5000E+00	1.8210E+03	1.6694E+05	7.8000E-09	4.5280E+01	5.8762E+02
3.4000E+00	3.6241E+03	1.1447E+05	5.1000E-09	4.0590E+01	4.9871E+02
3.9000E+00	1.8806E+03	2.9230E+05	7.3000E-09	4.5190E+01	5.8476E+02
3.6000E+00	1.6691E+03	1.0385E+05	7.1000E-09	4.0600E+01	5.0298E+02
4.0000E+00	1.7646E+03	1.4233E+05	6.4000E-09	4.1390E+01	5.1369E+02
3.4000E+00	1.7383E+03	2.8382E+05	5.9000E-09	4.1890E+01	5.2167E+02
4.4000E+00	2.0418E+03	2.7749E+05	6.2000E-09	4.6170E+01	6.2156E+02
4.1000E+00	3.9592E+03	1.7281E+05	5.2000E-09	4.8840E+01	7.4555E+02
5.0000E+00	2.8824E+03	1.1845E+05	6.0000E-09	4.6140E+01	6.1535E+02
3.1000E+00	2.2083E+03	1.7648E+05	7.7000E-09	4.5370E+01	5.9020E+02
4.2000E+00	2.6485E+03	1.5053E+05	5.3000E-09	4.2020E+01	5.1897E+02
3.1000E+00	1.6162E+03	1.1429E+05	6.2000E-09	3.7600E+01	3.3822E+02
3.9000E+00	2.8599E+03	1.1295E+05	5.7000E-09	4.2110E+01	5.1983E+02
5.0000E+00	2.2402E+03	2.0667E+05	7.6000E-09	5.3270E+01	9.3918E+02
4.2000E+00	2.8286E+03	1.1634E+05	6.9000E-09	4.9420E+01	7.7809E+02
3.1000E+00	1.7800E+03	1.1101E+05	6.6000E-09	3.9190E+01	4.4931E+02
4.3000E+00	2.8393E+03	1.0671E+05	5.0000E-09	3.8630E+01	4.1570E+02
4.8000E+00	2.6811E+03	1.4038E+05	6.1000E-09	4.6690E+01	6.4013E+02
4.1000E+00	1.8218E+03	2.0180E+05	5.5000E-09	4.0760E+01	5.0444E+02
3.6000E+00	1.8363E+03	1.9013E+05	5.4000E-09	3.9650E+01	4.7163E+02
3.4000E+00	3.5722E+03	1.6872E+05	5.2000E-09	4.4060E+01	5.4751E+02
3.6000E+00	2.3656E+03	1.5131E+05	7.1000E-09	4.6200E+01	6.2196E+02
3.5000E+00	2.8205E+03	2.5850E+05	7.0000E-09	5.4320E+01	9.7335E+02
3.4000E+00	1.5113E+03	1.9272E+05	5.1000E-09	3.6980E+01	2.7998E+02
3.1000E+00	2.4481E+03	2.0779E+05	6.5000E-09	4.5520E+01	5.9452E+02
4.6000E+00	3.3011E+03	1.6378E+05	6.0000E-09	5.3690E+01	9.3672E+02
3.7000E+00	3.2151E+03	1.5007E+05	5.1000E-09	4.1940E+01	5.1716E+02
3.9000E+00	2.0974E+03	1.1968E+05	6.2000E-09	4.1380E+01	5.1212E+02
4.7000E+00	2.3301E+03	2.4318E+05	6.1000E-09	4.8920E+01	7.5735E+02
4.0000E+00	2.4293E+03	1.8346E+05	7.5000E-09	5.1180E+01	8.6103E+02
3.7000E+00	1.5193E+03	2.6513E+05	6.8000E-09	4.1970E+01	5.2406E+02
3.2000E+00	1.7880E+03	2.9774E+05	6.4000E-09	4.2550E+01	5.2944E+02
4.6000E+00	2.4354E+03	1.6369E+05	5.8000E-09	4.4230E+01	5.5207E+02
4.3000E+00	1.8233E+03	1.2588E+05	7.4000E-09	4.3870E+01	5.4702E+02
3.3000E+00	3.6384E+03	1.2154E+05	6.7000E-09	5.2480E+01	8.9778E+02
3.0000E+00	2.4124E+03	2.6942E+05	6.8000E-09	4.6680E+01	6.4511E+02
4.1000E+00	3.0510E+03	1.7533E+05	5.3000E-09	4.4290E+01	5.5255E+02
4.5000E+00	3.2438E+03	1.6749E+05	5.9000E-09	5.2440E+01	8.9507E+02
4.7000E+00	1.8128E+03	1.2542E+05	5.1000E-09	3.7360E+01	3.1581E+02
5.0000E+00	1.5976E+03	2.5721E+05	6.7000E-09	4.4050E+01	5.5219E+02
4.3000E+00	3.2435E+03	2.3055E+05	5.1000E-09	4.8150E+01	7.1198E+02
4.0000E+00	2.6902E+03	1.1601E+05	7.1000E-09	4.8900E+01	7.5385E+02
4.1000E+00	1.8644E+03	1.6517E+05	5.8000E-09	4.1110E+01	5.0900E+02
3.3000E+00	2.5014E+03	2.7273E+05	7.4000E-09	5.0020E+01	8.1548E+02
3.6000E+00	1.9178E+03	2.9546E+05	6.5000E-09	4.4060E+01	5.5243E+02
3.3000E+00	3.6816E+03	2.4912E+05	5.4000E-09	5.1900E+01	8.7677E+02
4.7000E+00	2.9934E+03	2.2963E+05	5.2000E-09	4.8830E+01	7.4723E+02
4.8000E+00	1.9038E+03	1.3233E+05	7.5000E-09	4.5500E+01	5.9412E+02
4.6000E+00	1.6003E+03	1.5346E+05	5.6000E-09	3.8930E+01	4.3477E+02
4.4000E+00	2.1234E+03	1.3365E+05	7.5000E-09	4.7030E+01	6.6077E+02
4.1000E+00	2.0497E+03	2.4928E+05	6.6000E-09	4.5910E+01	6.1109E+02
3.2000E+00	2.2415E+03	2.8603E+05	6.5000E-09	4.5330E+01	5.8849E+02
4.1000E+00	3.7835E+03	1.1701E+05	6.0000E-09	4.9550E+01	7.7895E+02
3.9000E+00	3.6020E+03	1.4128E+05	5.7000E-09	4.7610E+01	6.8388E+02
3.0000E+00	1.5925E+03	1.0145E+05	5.9000E-09	3.6460E+01	2.2570E+02
4.2000E+00	1.8232E+03	1.4229E+05	5.7000E-09	3.9800E+01	4.7735E+02
3.8000E+00	1.6406E+03	1.5940E+05	5.0000E-09	3.6840E+01	2.6557E+02
4.6000E+00	3.5008E+03	1.2909E+05	5.4000E-09	4.4780E+01	5.6498E+02
3.4000E+00	3.2008E+03	2.5481E+05	5.7000E-09	5.1010E+01	8.4773E+02
3.2000E+00	3.3275E+03	2.3827E+05	5.1000E-09	4.5180E+01	5.7967E+02
3.8000E+00	2.1122E+03	2.2033E+05	6.2000E-09	4.4380E+01	5.5798E+02
4.1000E+00	1.8270E+03	2.0847E+05	5.4000E-09	4.0690E+01	5.0360E+02
4.3000E+00	2.5839E+03	1.0354E+05	5.1000E-09	3.8040E+01	3.7481E+02
4.8000E+00	2.0397E+03	1.1502E+05	6.0000E-09	4.1210E+01	5.0868E+02
4.0000E+00	1.5265E+03	2.8879E+05	5.1000E-09	3.9660E+01	4.7357E+02
4.7000E+00	1.7288E+03	2.2712E+05	8.0000E-09	4.5510E+01	5.9656E+02
4.6000E+00	1.6314E+03	2.1236E+05	6.8000E-09	4.3490E+01	5.4126E+02
4.0000E+00	2.6463E+03	1.4774E+05	6.8000E-09	4.9460E+01	7.8242E+02
3.4000E+00	3.7838E+03	1.6189E+05	5.5000E-09	4.6700E+01	6.3994E+02
4.1000E+00	2.2189E+03	2.3545E+05	5.9000E-09	4.5040E+01	5.7671E+02
4.1000E+00	1.7061E+03	1.0454E+05	7.1000E-09	4.1460E+01	5.1495E+02
3.3000E+00	2.7419E+03	1.6522E+05	5.3000E-09	4.1640E+01	5.1431E+02
3.9000E+00	2.7608E+03	1.0087E+05	7.7000E-09	5.0790E+01	8.4005E+02
4.9000E+00	1.8317E+03	1.8582E+05	7.6000E-09	4.6490E+01	6.3672E+02
3.5000E+00	2.6118E+03	1.1438E+05	6.6000E-09	4.4010E+01	5.4790E+02
3.1000E+00	2.2305E+03	2.1324E+05	7.9000E-09	4.6260E+01	6.2790E+02
3.3000E+00	2.4126E+03	2.1466E+05	7.2000E-09	4.7490E+01	6.8555E+02
3.0000E+00	3.8074E+03	1.4691E+05	5.3000E-09	4.3330E+01	5.3419E+02
3.4000E+00	1.7406E+03	1.8989E+05	7.5000E-09	4.2930E+01	5.3390E+02
3.8000E+00	2.8616E+03	2.0644E+05	5.0000E-09	4.3110E+01	5.3202E+02
4.6000E+00	2.2889E+03	1.4716E+05	6.7000E-09	4.6640E+01	6.4032E+02
3.3000E+00	2.1695E+03	1.1164E+05	5.5000E-09	3.7870E+01	3.6097E+02
4.8000E+00	1.8949E+03	2.0760E+05	6.1000E-09	4.4050E+01	5.5012E+02
3.6000E+00	1.8035E+03	2.0123E+05	6.3000E-09	4.2170E+01	5.2410E+02
4.2000E+00	2.4394E+03	2.8509E+05	6.4000E-09	5.1080E+01	8.5623E+02
4.4000E+00	1.6336E+03	1.8703E+05	5.7000E-09	4.0300E+01	4.9549E+02
4.6000E+00	2.6877E+03	1.4905E+05	5.4000E-09	4.3290E+01	5.3376E+02
3.2000E+00	3.2866E+03	1.2365E+05	6.4000E-09	4.6340E+01	6.2512E+02
4.6000E+00	2.1610E+03	2.9839E+05	6.3000E-09	4.8710E+01	7.4860E+02
3.5000E+00	2.7430E+03	1.5900E+05	6.7000E-09	4.8080E+01	7.1260E+02
3.4000E+00	1.9252E+03	1.0747E+05	5.9000E-09	3.8140E+01	3.8399E+02
3.3000E+00	2.4234E+03	1.3441E+05	7.2000E-09	4.5570E+01	5.9605E+02
3.3000E+00	2.4975E+03	1.1340E+05	6.1000E-09	4.1220E+01	5.0911E+02
4.2000E+00	2.5105E+03	1.4171E+05	7.4000E-09	5.1290E+01	8.6190E+02
4.8000E+00	2.6450E+03	2.0048E+05	5.3000E-09	4.4980E+01	5.7249E+02
4.2000E+00	1.7277E+03	1.3402E+05	5.9000E-09	3.9420E+01	4.6023E+02
4.3000E+00	2.4547E+03	1.8197E+05	7.0000E-09	5.0720E+01	8.4019E+02
4.6000E+00	1.7617E+03	1.5133E+05	7.4000E-09	4.4340E+01	5.5793E+02
3.4000E+00	2.9215E+03	2.5746E+05	6.2000E-09	5.1530E+01	8.7031E+02
3.6000E+00	3.2611E+03	1.3976E+05	6.5000E-09	5.0940E+01	8.4180E+02
3.7000E+00	1.5493E+03	1.1324E+05	6.9000E-09	3.9870E+01	4.8184E+02
3.7000E+00	2.4124E+03	1.3423E+05	6.7000E-09	4.4710E+01	5.6607E+02
3.1000E+00	1.9764E+03	2.9120E+05	6.1000E-09	4.3170E+01	5.3603E+02
4.8000E+00	2.2931E+03	1.0756E+05	5.8000E-09	4.1220E+01	5.0816E+02
3.1000E+00	2.2382E+03	2.4911E+05	6.3000E-09	4.4390E+01	5.5888E+02
4.3000E+00	2.0841E+03	1.8989E+05	7.0000E-09	4.6630E+01	6.4249E+02
3.9000E+00	3.6319E+03	2.0758E+05	5.4000E-09	5.0740E+01	8.3170E+02
3.3000E+00	3.2108E+03	2.6076E+05	5.8000E-09	5.2250E+01	8.9447E+02
3.0000E+00	3.4815E+03	1.2243E+05	6.0000E-09	4.4280E+01	5.5249E+02
4.6000E+00	3.0339E+03	2.0656E+05	6.0000E-09	5.4620E+01	9.7146E+02
3.5000E+00	3.0938E+03	1.5744E+05	5.5000E-09	4.3770E+01	5.4211E+02
4.8000E+00	1.5508E+03	1.8320E+05	5.0000E-09	3.7980E+01	3.7096E+02
4.6000E+00	2.0988E+03	1.6918E+05	6.1000E-09	4.4020E+01	5.4877E+02
3.1000E+00	3.9076E+03	1.0499E+05	6.2000E-09	4.6350E+01	6.2425E+02
3.3000E+00	2.5177E+03	2.3533E+05	7.7000E-09	5.0320E+01	8.2895E+02
3.6000E+00	2.8373E+03	2.2920E+05	5.1000E-09	4.3940E+01	5.4591E+02
3.7000E+00	2.5338E+03	1.6818E+05	6.9000E-09	4.8430E+01	7.3215E+02
4.2000E+00	2.0077E+03	2.9550E+05	6.0000E-09	4.5200E+01	5.8350E+02
3.7000E+00	1.9121E+03	2.7467E+05	5.8000E-09	4.3120E+01	5.3515E+02
5.0000E+00	2.1274E+03	1.2153E+05	7.0000E-09	4.6240E+01	6.2238E+02
3.2000E+00	1.8624E+03	2.4426E+05	5.8000E-09	4.1520E+01	5.1622E+02
3.4000E+00	3.7785E+03	1.4503E+05	6.2000E-09	5.2350E+01	8.9173E+02
4.3000E+00	1.5854E+03	2.1127E+05	5.3000E-09	3.9350E+01	4.5712E+02
3.8000E+00	1.6096E+03	2.0465E+05	5.2000E-09	3.8440E+01	4.0551E+02
3.8000E+00	1.8425E+03	1.3419E+05	7.7000E-09	4.3730E+01	5.4523E+02
4.5000E+00	2.9244E+03	2.9427E+05	5.1000E-09	5.0040E+01	8.0575E+02
4.2000E+00	1.9863E+03	2.0449E+05	5.9000E-09	4.3300E+01	5.3643E+02
4.1000E+00	1.7884E+03	2.1715E+05	6.6000E-09	4.3510E+01	5.4110E+02
3.3000E+00	2.0249E+03	2.6967E+05	7.4000E-09	4.4960E+01	5.7681E+02
4.1000E+00	1.5566E+03	2.8788E+05	6.1000E-09	4.2240E+01	5.2620E+02
3.7000E+00	2.2016E+03	1.8501E+05	7.5000E-09	4.7050E+01	6.6306E+02
3.4000E+00	1.9889E+03	2.8173E+05	6.8000E-09	4.4550E+01	5.6417E+02
3.8000E+00	2.0763E+03	1.1306E+05	5.6000E-09	3.8530E+01	4.0977E+02
3.2000E+00	1.9870E+03	1.7108E+05	5.9000E-09	4.0770E+01	5.0506E+02
3.0000E+00	2.6150E+03	2.5124E+05	6.8000E-09	4.8360E+01	7.3038E+02
3.6000E+00	2.1080E+03	1.1670E+05	7.9000E-09	4.4830E+01	5.7089E+02
4.3000E+00	3.0060E+03	1.3544E+05	5.3000E-09	4.2760E+01	5.2632E+02
3.5000E+00	1.5566E+03	2.0558E+05	6.1000E-09	4.0220E+01	4.9467E+02
4.9000E+00	2.2017E+03	1.3949E+05	6.5000E-09	4.5450E+01	5.9012E+02
